hl_gnn_planetoid/Type Heuristic:RWR, Dataset: arxiv_2023
300	0	0.021715480058061558
300	1	0.3466173113695752
300	2	0.2907288973568427
300	3	0.2430405368548138
300	4	0.18500714767615367
300	5	0.14134465220921616
300	6	0.10330785983887808
300	7	0.07414361281423865
300	8	0.0502513329962952
300	9	0.03155544365706926
300	10	0.016450548448422565
300	11	0.004440903148462054
300	12	-0.00526634204702132
300	13	-0.013078350401836103
300	14	-0.019422309727717624
300	15	-0.02457319699074473
300	16	-0.028776681436790876
300	17	-0.032209552878025155
300	18	-0.035019850048036316
300	19	-0.03732055758086465
300	20	-0.02998075971046188
hl_gnn_planetoid/Type Heuristic:RWR, Dataset: arxiv_2023
300	0	0.011156401843700953
300	1	0.2876076822079375
300	2	0.25969612557289423
300	3	0.17437511572769118
300	4	0.1354814562231279
300	5	0.08811185945807892
300	6	0.060731356558633064
300	7	0.034845761943740325
300	8	0.017457075326999656
300	9	0.0026574212010703905
300	10	-0.008117143436021521
300	11	-0.01689684809213461
300	12	-0.02356376826284423
300	13	-0.028894433590875644
300	14	-0.033006768038090634
300	15	-0.0362205072836269
300	16	-0.03862693378308312
300	17	-0.04037969074724952
300	18	-0.04233270470448732
300	19	-0.04957883084701069
300	20	-0.047540115333715216
hl_gnn_planetoid/Type Heuristic:RWR, Dataset: arxiv_2023
300	0	0.009714490402633759
300	1	0.19342287738317016
300	2	0.21264775321066853
300	3	0.12478030610640803
300	4	0.09792520919436568
300	5	0.0541729762423014
300	6	0.0361030454074711
300	7	0.016200329227429432
300	8	0.005105504941815093
300	9	-0.005128281629065805
300	10	-0.01180317859318913
300	11	-0.017386966349868655
300	12	-0.021345611106593856
300	13	-0.02452134418924083
300	14	-0.02688517828027703
300	15	-0.02875983595997037
300	16	-0.030203891489119422
300	17	-0.03135727674704795
300	18	-0.032274036628866506
300	19	-0.033021898612725066
300	20	-0.024414293946489397
hl_gnn_planetoid/Type Heuristic:RWR, Dataset: arxiv_2023
300	0	0.028100791096150452
300	1	0.1453852508746384
300	2	0.17310984520865566
300	3	0.08607915676214589
300	4	0.07238647134606552
300	5	0.034793690414817405
300	6	0.02383452088266387
300	7	0.008141888530751535
300	8	0.0014749683919210955
300	9	-0.005374142172804855
300	10	-0.008847023543447562
300	11	-0.011736284537758783
300	12	-0.013235827670771114
300	13	-0.014257329224241494
300	14	-0.014676454072528678
300	15	-0.0148203327574316
300	16	-0.014707454325615488
300	17	-0.014467616684390104
300	18	-0.0141334188396935
300	19	-0.013760558275671415
300	20	-0.004148209601218118
hl_gnn_planetoid/Type Heuristic:RWR, Dataset: arxiv_2023
300	0	0.0264778817571949
300	1	0.24651258660283973
300	2	0.24250783670812207
300	3	0.13440299370613867
300	4	0.1123824634925168
300	5	0.0638043874458671
300	6	0.04455218967152029
300	7	0.021058124288583033
300	8	0.007915087962323758
300	9	-0.0046158210621811
300	10	-0.012984204204808194
300	11	-0.020170753537445074
300	12	-0.0254440623098798
300	13	-0.0298022941846312
300	14	-0.03318020973174471
300	15	-0.03595559237811714
300	16	-0.03818861751892692
300	17	-0.04004329575053466
300	18	-0.0415820403331602
300	19	-0.042885419832472654
300	20	-0.034774517764182174
hl_gnn_planetoid/Type Heuristic:RWR, Dataset: arxiv_2023
300	0	0.052883930017006406
300	1	0.3342372199202505
300	2	0.290004708365691
300	3	0.17973071741158056
300	4	0.14344799182407664
300	5	0.08975899438907003
300	6	0.06372748010292285
300	7	0.03615392475287733
300	8	0.019025209785942028
300	9	0.003537576554002924
300	10	-0.007460095669633667
300	11	-0.01676607025484283
300	12	-0.02386631635762922
300	13	-0.02974354826422684
300	14	-0.03441478220824386
300	15	-0.03827490184828717
300	16	-0.04142342905438507
300	17	-0.044043750044777064
300	18	-0.04622122372265874
300	19	-0.04805228189770272
300	20	-0.04037319826652869
hl_gnn_planetoid/Type Heuristic:RWR, Dataset: arxiv_2023
300	0	0.04612533062990901
300	1	0.2815614477854078
300	2	0.2613968261060423
300	3	0.15359001732001737
300	4	0.12772984330091253
300	5	0.07764279449396824
300	6	0.0564030550333313
300	7	0.03133566031766307
300	8	0.01664316667516226
300	9	0.0027130168333629953
300	10	-0.006952874212547179
300	11	-0.015320150869521423
300	12	-0.021665475287824094
300	13	-0.026990445480731342
300	14	-0.031236397106121937
300	15	-0.034788294069232666
300	16	-0.037713731144514644
300	17	-0.04018433745609232
300	18	-0.04226968917873904
300	19	-0.04405734162553162
300	20	-0.03637466243106712
hl_gnn_planetoid/Type Heuristic:RWR, Dataset: arxiv_2023
300	0	0.031108917019688587
300	1	0.2232657047107886
300	2	0.23596846660650853
300	3	0.13359881365321383
300	4	0.10703754511346444
300	5	0.061092578550070685
300	6	0.04206080449332505
300	7	0.01760848892083833
300	8	0.005369252692362956
300	9	-0.005851353234494672
300	10	-0.012788103164065773
300	11	-0.018835795080475882
300	12	-0.02312961648876656
300	13	-0.026719929506295943
300	14	-0.02946480977760184
300	15	-0.03173606129923439
300	16	-0.03355589672882978
300	17	-0.035075194269432945
300	18	-0.036336370203655884
300	19	-0.03740930023585756
300	20	-0.02910379178856464
hl_gnn_planetoid/Type Heuristic:RWR, Dataset: arxiv_2023
300	0	0.05587538168217649
300	1	0.33325020033028935
300	2	0.2959067907065404
300	3	0.179279454162088
300	4	0.1453314047309168
300	5	0.09020960630812763
300	6	0.06469702932089492
300	7	0.03658421334957823
300	8	0.019311552912356852
300	9	0.0033386852963763034
300	10	-0.008128460826047738
300	11	-0.018071783688271455
300	12	-0.02589924943647491
300	13	-0.032629831907093884
300	14	-0.038251566694885546
300	15	-0.04314165281550379
300	16	-0.047366650354193095
300	17	-0.051078194560082606
300	18	-0.05433376504111244
300	19	-0.05720852452246262
300	20	-0.050525409437805646
hl_gnn_planetoid/Type Heuristic:RWR, Dataset: arxiv_2023
300	0	0.04099491466451928
300	1	0.26401236365974656
300	2	0.252510695198898
300	3	0.14231575873836286
300	4	0.11807872174359306
300	5	0.06833387513882792
300	6	0.048179099836411214
300	7	0.024021436815848556
300	8	0.010383053828055171
300	9	-0.002555147861448172
300	10	-0.011228028057372517
300	11	-0.01866000368632114
300	12	-0.02411115951842982
300	13	-0.02860114085648808
300	14	-0.0320650037707462
300	15	-0.03489210993747373
300	16	-0.037146171934793984
300	17	-0.03899831112359531
300	18	-0.040514783003885925
300	19	-0.041780860443739756
300	20	-0.03362080606063183
hl_gnn_planetoid/Type Heuristic:KI, Dataset: pubmed
300	0	1.0041091047692072
300	1	0.2343013451460579
300	2	0.07300788454388325
300	3	0.04014048401991932
300	4	0.03296617075597187
300	5	0.030878334741411217
300	6	0.02992928835094301
300	7	0.029214863336594225
300	8	0.028604055480190092
300	9	0.02804931788977283
300	10	0.02753702172030595
300	11	0.027068123908030324
300	12	0.026630395546821208
300	13	0.026227015088755787
300	14	0.02584901646198686
300	15	0.02549793817363148
300	16	0.025168059173091943
300	17	0.02485960966161345
300	18	0.02456903755812865
300	19	0.02429590664399715
300	20	0.024037952022686722
hl_gnn_planetoid/Type Heuristic:KI, Dataset: pubmed
300	0	0.9941752070053522
300	1	0.23214977338648735
300	2	0.07091154117832488
300	3	0.038825011208669866
300	4	0.03174181673777474
300	5	0.029963321821891545
300	6	0.029145576029945507
300	7	0.028621064526562445
300	8	0.028140670476121232
300	9	0.027729132452937243
300	10	0.02733605438370688
300	11	0.026985972991780027
300	12	0.026655139045439816
300	13	0.026354858331058113
300	14	0.02607267889093468
300	15	0.025813139531289237
300	16	0.025569603718566185
300	17	0.02534352917302313
300	18	0.025131252020997703
300	19	0.024932919016554683
300	20	0.024746383122703282
hl_gnn_planetoid/Type Heuristic:KI, Dataset: pubmed
300	0	0.9932678321130197
300	1	0.23125338083918445
300	2	0.06995396685526767
300	3	0.03795036164915195
300	4	0.030934921286913174
300	5	0.02918086135715598
300	6	0.028400831649846036
300	7	0.027890453084306
300	8	0.027432445714769747
300	9	0.02703101714310039
300	10	0.026651891292225827
300	11	0.026309466491374653
300	12	0.025987770921579206
300	13	0.025693366589823394
300	14	0.02541746332454877
300	15	0.025162452791051098
300	16	0.02492340489456124
300	17	0.024700831311588952
300	18	0.024491863785570573
300	19	0.02429624379497363
300	20	0.024112198814219832
hl_gnn_planetoid/Type Heuristic:KI, Dataset: pubmed
300	0	0.9935853916827055
300	1	0.2309376761423467
300	2	0.06972998971259428
300	3	0.03775161952198114
300	4	0.030769363013367055
300	5	0.028994203279128383
300	6	0.028216431146837608
300	7	0.027683005292112723
300	8	0.02721452456215901
300	9	0.02679189331959757
300	10	0.026397510186113582
300	11	0.026035568789951655
300	12	0.025697192037227666
300	13	0.025384602284498497
300	14	0.02509199130801159
300	15	0.0248199190886775
300	16	0.024564702894318467
300	17	0.024326077049338955
300	18	0.02410169130268359
300	19	0.02389095143379503
300	20	0.023692295383839306
hl_gnn_planetoid/Type Heuristic:KI, Dataset: pubmed
300	0	0.9925745376302111
300	1	0.23043328132801183
300	2	0.06927651405418624
300	3	0.03731366939628926
300	4	0.03036360372426992
300	5	0.028603399151449906
300	6	0.027849418337933366
300	7	0.0273298784565944
300	8	0.02687920211307169
300	9	0.026468699168259533
300	10	0.02608790597859783
300	11	0.025736309289131887
300	12	0.025408588620897038
300	13	0.02510474431394861
300	14	0.024820703106124883
300	15	0.024556012540290814
300	16	0.02430783097581049
300	17	0.024075450014925105
300	18	0.023856930658098054
300	19	0.023651496735226818
300	20	0.02345779311965417
hl_gnn_planetoid/Type Heuristic:KI, Dataset: pubmed
300	0	0.9918046929297896
300	1	0.23062376990321481
300	2	0.0693838455174135
300	3	0.03750013341272262
300	4	0.03054008207111854
300	5	0.02881838913503412
300	6	0.02807353049471767
300	7	0.027580446400411716
300	8	0.027144135703069398
300	9	0.02675430566427418
300	10	0.026388785864763425
300	11	0.026054626284604507
300	12	0.025741718142019303
300	13	0.02545325316888054
300	14	0.025183168714932445
300	15	0.024932386656060315
300	16	0.024697235408829586
300	17	0.02447761069550566
300	18	0.02427123077226397
300	19	0.024077592071428285
300	20	0.02389520268792555
hl_gnn_planetoid/Type Heuristic:KI, Dataset: pubmed
300	0	0.9916533600936157
300	1	0.22987475919292838
300	2	0.06864338376287873
300	3	0.0368078020133644
300	4	0.02986297967560501
300	5	0.02815821635708122
300	6	0.027426548755261702
300	7	0.026944741675478643
300	8	0.02651911154679767
300	9	0.026138169571485168
300	10	0.02578117194961486
300	11	0.025454243231488184
300	12	0.025148128628902578
300	13	0.02486554277752283
300	14	0.02460087052908429
300	15	0.024354825012326338
300	16	0.02412396243753905
300	17	0.023908101330716365
300	18	0.02370507888315997
300	19	0.023514372546487194
300	20	0.02333455733315727
hl_gnn_planetoid/Type Heuristic:KI, Dataset: pubmed
300	0	0.9907662405377903
300	1	0.22981322227989354
300	2	0.06856416224999702
300	3	0.036757562136728365
300	4	0.02982158039430996
300	5	0.02813244028254995
300	6	0.027413928001155816
300	7	0.026945123719106866
300	8	0.026532435062874914
300	9	0.026163358762048977
300	10	0.02581819542808788
300	11	0.025502156062059658
300	12	0.025206706807805686
300	13	0.02493405845332662
300	14	0.024678988282121127
300	15	0.0244419739453993
300	16	0.02421977253244967
300	17	0.024012104748078248
300	18	0.02381691165312093
300	19	0.023633638097720133
300	20	0.023460915941476458
hl_gnn_planetoid/Type Heuristic:KI, Dataset: pubmed
300	0	0.9909218240865209
300	1	0.23019905406165453
300	2	0.06886668958156071
300	3	0.037102535850084495
300	4	0.030143946174117076
300	5	0.028477038912482655
300	6	0.027754722220430073
300	7	0.02729979712543354
300	8	0.02688992363202035
300	9	0.026530671505474245
300	10	0.026190598820862523
300	11	0.02588229685089301
300	12	0.025393453444866574
300	13	0.02512723674524621
300	14	0.024878051426876237
300	15	0.024647309073517296
300	16	0.024430941003321188
300	17	0.02422919737408865
300	18	0.02403968862039954
300	19	0.023862084596720422
300	20	0.023694882980186197
hl_gnn_planetoid/Type Heuristic:KI, Dataset: pubmed
300	0	0.9907540629755499
300	1	0.22991846176419206
300	2	0.06855146789800547
300	3	0.03684383064621057
300	4	0.02987992619563504
300	5	0.028221272290713733
300	6	0.027496303662881295
300	7	0.027041171870959366
300	8	0.026628544153695782
300	9	0.026266767309310005
300	10	0.025923520492426563
300	11	0.02561197115250567
300	12	0.025318745895061123
300	13	0.025049170195267745
300	14	0.024796136235936624
300	15	0.024561369913277304
300	16	0.024340887055202272
300	17	0.024134922244335603
300	18	0.023941125024000635
300	19	0.023759158503533717
300	20	0.023587542302835326
